<?xml version="1.0"?>
<opencv_storage>
<coordinate1>
3.19424533844
-3.76127386093
0.0
0.0
0.0
0.918764158665
0.394806814471
</coordinate1>
<coordinate2>
1.30964899063
-4.41081762314
0.0
0.0
0.0
0.723368219447
0.690462467549
</coordinate2>
<coordinate3>
1.5301117897
-3.56579399109
0.0
0.0
0.0
0.729948677283
0.683501959422
</coordinate3>
<coordinate4>
0.380390107632
-2.73981833458
0.0
0.0
0.0
0.918913401226
0.394459327493
</coordinate4>
<coordinate5>
-1.99913978577
-2.13877367973
0.0
0.0
0.0
0.922171603123
0.386780990217
</coordinate5>
<coordinate6>
0.183132469654
0.59089744091
0.0
0.0
0.0
0.99852609211
-0.0542737816509
</coordinate6>
<coordinate7>
3.34925699234
-1.85017800331
0.0
0.0
0.0
0.931406749429
0.363980036703
</coordinate7>
<coordinate8>
2.74970579147
-0.897635936737
0.0
0.0
0.0
0.999177803149
0.0405427884313
</coordinate8>
<coordinate9>
2.33929920197
-1.37713897228
0.0
0.0
0.0
0.922171402905
0.386781467581
</coordinate9>
<coordinate10>
1.93876409531
-1.40896010399
0.0
0.0
0.0
0.38367792766
0.923466971703
</coordinate10>

</opencv_storage>
