<?xml version="1.0"?>
<opencv_storage>
<coordinate1> 
1.92707419395
2.27079343796
0.0 
0.0
0.0
-0.804490596157
0.593965386782
</coordinate1>

<coordinate2> 
2.55243110657
0.699848353863
0.0 
0.0
0.0
0.947982328045
-0.318322958195
</coordinate2>

<coordinate3> 
2.02603363991
0.306166470051
0.0 
0.0
0.0
0.272784358264
0.962075201783
</coordinate3>

<coordinate4> 
2.53531694412
-0.388400793076
0.0 
0.0
0.0
0.290303280023
0.956934692447
</coordinate4>

<coordinate5> 
0.175446495414
1.47858142853
0.0 
0.0
0.0
-0.785494092931
0.618869154159
</coordinate5>

<coordinate6> 
-0.342344820499
0.418569743633
0.0 
0.0
0.0
-0.498541957606
0.866865570032
</coordinate6>

<coordinate7> 
0.267697155476
0.282171070576
0.0 
0.0
0.0
-0.775665343885
0.631144416354
</coordinate7>

<coordinate8> 
0.325771033764
0.0152522325516
0.0 
0.0
0.0
0.998183763985
0.0602426204377
</coordinate8>

<coordinate9> 
3.01103138924
-3.11132335663
0.0 
0.0
0.0
-0.797581048505
0.603211796192
</coordinate9>

<coordinate10> 
-0.49049949646
-2.51549220085
0.0 
0.0
0.0
-0.473812811517
0.880625584254
</coordinate10>


</opencv_storage>
